6 0.31953125 0.2046875 0.6390625 0.409375
1 0.97109375 0.14453125 0.0578125 0.1484375
7 0.87734375 0.05625 0.0859375 0.1125
7 1 0.249192309375 0.9296425093749999 0.20882991875 0.8134183640625 0.2325759796875 0.6390625 0.26038550312500003 0.6390625 0.341467571875 0.9916182593749999 0.299000015625 1 0.27923806562500003 1 0.249192309375
3 0.6390625 0.256590503125 0.9446391734375 0.212579296875 0.9371408421874999 0.1525892515625 0.6390625 0.20277362499999999 0.6390625 0.256590503125
5 0.81953125 0.11328125 0.3609375 0.2265625
2 0.44765625 0.57734375 0.3015625 0.15
3 0.4734375 0.928125 0.2828125 0.13125
7 0.53984375 0.93515625 0.1484375 0.1296875
7 0.6234375 0.703125 0.03125 0.203125
5 0.490625 0.75546875 0.2796875 0.2265625
3 0.86640625 0.89765625 0.2671875 0.0984375
5 1 0.409375 0.6627286578125 0.409375 0.6390625 0.44879394531249994 0.6390625 0.6765966796875 0.6644875703124999 0.7189453125 0.7025973265625 0.7599609375 0.765625 0.8 0.8301184328125 0.821484375 0.9034064265625 0.825390625 0.988420496875 0.8078125 1 0.8023667281249999 1 0.5320533015625 0.9869547375 0.5216796875 0.9664341000000001 0.4904296875 0.9664341000000001 0.4748046875 0.9810916984375 0.4455078125 1 0.42943494062500004 1 0.409375